center: 43.426353
scale: 307.64963
