center: 0.54277545
scale: 0.7436451
